<?xml version="1.0"?>
<opencv_storage>
<hist type_id="opencv-nd-matrix">
  <sizes>
    256</sizes>
  <dt>f</dt>
  <data>
    79. 8. 10. 3. 11. 11. 15. 12. 6. 9. 3. 8. 12. 10. 14. 16. 15. 19.
    16. 19. 11. 15. 28. 28. 45. 40. 37. 36. 46. 45. 60. 53. 41. 44. 46.
    44. 42. 51. 46. 44. 58. 46. 45. 70. 49. 48. 47. 68. 64. 56. 67. 55.
    61. 48. 53. 40. 33. 39. 22. 25. 28. 16. 18. 12. 14. 17. 10. 13. 13.
    13. 15. 10. 9. 8. 13. 17. 10. 12. 14. 13. 8. 12. 2. 9. 11. 6. 8. 13.
    8. 7. 10. 12. 7. 7. 5. 5. 3. 7. 8. 2. 3. 6. 4. 6. 4. 3. 5. 5. 4. 5.
    5. 5. 4. 5. 6. 4. 6. 7. 3. 6. 5. 5. 7. 2. 7. 3. 1. 2. 7. 1. 3. 8. 4.
    3. 7. 5. 4. 6. 10. 10. 9. 8. 4. 6. 6. 4. 5. 8. 7. 3. 7. 8. 5. 9. 6.
    8. 5. 10. 9. 9. 11. 12. 12. 14. 18. 15. 6. 15. 6. 21. 10. 15. 9. 8.
    12. 10. 10. 11. 15. 7. 11. 12. 8. 13. 8. 11. 5. 11. 6. 8. 11. 9. 5.
    7. 15. 9. 6. 9. 6. 9. 8. 4. 6. 7. 6. 5. 8. 6. 8. 4. 8. 5. 4. 2. 9.
    7. 5. 0. 5. 7. 6. 5. 5. 6. 5. 7. 4. 0. 8. 3. 5. 4. 2. 5. 7. 4. 4. 4.
    3. 4. 8. 5. 7. 7. 6. 2. 1. 7. 4. 8. 7. 4. 8. 7. 24. 0.</data></hist>
</opencv_storage>
